214

triumfare153,11 15633 167,10
(ex genere giganteo)

triumfus 151, 18

trutana 106,1

tuccetum 122, 43

1212133313 13003. 114,3

turbor 4, 13 (1) 176,3

turbulentia 164,11

turpare 168,13

turpatus (turpis) 168,3 169,3

121313 116,3

1213 12, 13

tutrix 14, ar

tutulus 116, 41

12123 c. 001. 133,3ο

2 pro o 3. nepus

uaccillare 166, 11

23331223 6,10

2231223 8613

2232213 01313 rei 170,1

uadatus (0131113103) 101312,
14126 aa

uagabunllus solitudinum 62,6

uagina (caputio) 94,1.4(0,111311,
f. 101. Len. XI 74 sq.)

2213131230

ualgis 011. pl. 123,1o

ualgiter 123,14

23201313 8,1o 140, 4, 3. 30 147,
13 1011003. 141,3 16414

2211013123713 149,13

uaporeum 68,13

neget 313 (recoctum 3333) 46, 13

uelamentum 149,13

11311319, 3 22, 3 23, 4 30, 3 36,3
38, 30 46, 11 47,13 67,11 68,1
12 c. 0031000313) 24,3 38,3

232113 (3030143) 12,1 (67,19)

2321113233,13

2321031123 66, 6

23210323 (001103) 98,3 100,14

· 133, 31

1132231313 122,13. 14

uerbalis 161,14 cf. uerbialis

uerbum: 3109.30010091103 0040

INDEX SERMONIS

30131. 03011. 0103. 147,3(.9)
143 ,10) (1421 ) 11411 (113,
ar 0. retia) 177,3 (3.9), act..-
0.311)111313,131231,313 1311
minuere ‚prostrare; paca: 0.
congredi, famulari ,interpre-
tari ,loqui; ·..·01311 0341331311,
certari, concupisci, habitari,
memorari, nundinari ,peni-
teri ,prosperari, 3031311, som·
niari, supplicari3 00111310
pro 0114331100 0 3213123 albi·
pa t,us flammatus, ignitus,
222113,33312123,102132123,
turpatus

uerbialis 10, 1 12, 33 170, ra

23133221311(0313011011331)168, 4

2312212113 148, 10

23122111333,137,114,3

2312123 12011. 13 121,3

231312123 116, 13

2213120323 133, 13

ueternositas 83, 33

2313311237,11

nibramen 148,3

uiduare 9,3

2111211323 4,11

niridano 159, 33

uiridis (00114103) 43, 1

2112132113 163, 3

2112132123 159,14 164,13

2133312 (101 11001) 10, 13

uisibilitas 93,3

uispillo 111, 1111 112, 1, 4

uiuificus 144,1a

21331313 149,1

ulcerulentus 161,3

21113 ado templ 31.0141 46,3
76, ra. 14413 161113 16633
1711,3121113132117413177,13

2111121316

ultronietas 69,1

umbilicum 0040.. 9 41, ao

uniformis (1010 104010, uniuer-
sus) 104,14

unitus 131, 31 144, 10 146, 31

 

