1111110111111 193

s 11111111 28,1 Locrus 113,1.1-

11 mensis 28,4 Lucifer 125,14 .
18,11 18 81,1 38 sq. 44, Ι111113,1141,1 5111. 102,15

1. 11 55, 11. 11 11,1 91,1ο 104,11166,11 “

3,15

1111184,1 Meeedo 111,11 164,11.11.11

1111811 11,11 18,11 18 166,5

,15 31,11 91,1.11.1141,11 Macedonicus 161, 15

,15 45,1 51,1.1.1.11 52, Machabeus 16011 161,1.11
54111 65,11 66,1,1 10, Madianilieus 141,15

1. 11. 11. 11 11,11 111111) Maeotis 166‚15

2,1 121,11 Manassen 160,11

na 106, e. 10 Mantua 1, se

. 55 sq. 101,5 Mantuanus 85,11

Μ1111154,1 ’

demonius 112,11 Mardoeheus 16111. 11

111 21, se Marianus 169,1

s 181,11 1821111. 11,11. 11 Mariua 104,15 -

petusa 21,11 Maroni dut. 52,11 59,11

pus 23,15. 11 Μ11141,1 11, ae 113, 11. 11

111061 ’ 161, 11,11

dis 102,11 Marsyas 13

se 16,11 19,11 26,15 30,1 Martius 10,1’

,4 46,1 41,11 48,1.1.1 Μ1111111115,11

, 1. 14 53‚s 54, 11. 11 59,1 Medea 41,1.11

,1 10,1 15,11 16,1.1194,1 Medus 115,11

,11 9111 105,1 11611 Medusa 32,1.1.1 33,1,91,11

2,11 183,1 184,1.1 Megera 20,11 21,1

1us 104,1111 adi. 55,11 Melane 91111 118, 14

1,1 Melpomene 26,5

na 104,11 Menecmi 112,1

nia 104,1 Menelaus 911111

der 63 Meon 10,1

drieus 4,1 Maenius 1,11
64111. Mercurius 29 11,1“ 94,11. 11

tinus 114‚e 1111

111 102,1.1 Meroe 53,11 166,1ο

aa 83,1 Μ11οἰ11111 53, 11

145,11146,1 Messapus 106,1.1

nus 159,1 Metiscus 106, 15

us 91,1 130,11 131,11 Μ1111111 (Metennia) 126, 1

21 168 11

:lus 5111 11,11 11111 11111ιί1111 115, 1

1111111211 Mida 5,1 50 13,11 14,1.1

:gns 181,14185,1 16,11. 11

1 53,11 Milesius 51,11

1111111111 ed. Helm. 11,

 

