192

Glaucus 49, 4. 10

Glico 13,1

Gnosius 101,10

Goliae 9511. 151,1

Gorgias 114,1

Gorgo (Gorgona) 32 sq. 31, 11
59,1 60, 11.11. 11

Gorgoneus adi. 8,5 12,19

Grcoe adv. 18,9 19, 10. 18 20,5
11,1.1 22,1.1o.11.15 23,4.11.
11 26,1 21,11 28,15 30,1. 11
31,1 32, 11 33,4 34,11 38,11
39, 11. 11. 11 41,11. 14. 11. 11

42,11 43,1 46,11 48,1.1. 14

49, 11. 11. 14 50,11 51,11 55,
1. 11. 11 19, 19 53‚0 64,11 65,
166,1 69,1 10,1 12,1.1
13,1 16,11.11 18,11 111,11
80,1 111,1111 92,11 93,11.
111114 115,1 96,1. 11 98,

11. 90 911111 101,1. 19. 90

102,11 104,11 105,11 106,11
182, 9. 11 183,1.11 184,11
Gracia 11, 15 30,11 31,1 32, 90

34,1 44,1 56,14 64,1.11
181, 90. 21 183, 11. 11 184, 11
Grecus 9,155,11 100,1 115,11

116,11 130,11 131, 9. 10. 19
132,1.11. 11 181,1. 11 183, 99
184,1 185,4

Hebraicus 141, 10. 11 148, 1
150, 19

(H)ebreus 131,1. 11 141,11 149,
5 1601111111 161,91 162,11
16314 111, 11

(Η)11111 22,14

Helena 34,11

Heli 153, 91

(H)elioon 10,1 12,11

(He)liooniados 8, 99 555

(H)era 18,11

(H)erac]ea 119, 11

(H)eraoleopolites 111,11

(H)eracIes 41,11 .

INDEX NOMINUM

(Η)1111111134,1.11 35,1.1 41
11, 19 1111 1111

Herculeus 41,4 129,11

(H)ermagoras 1129

(H)crmes 30

(ffiero 11,1.1 63

(H)erodes 110,11 114,11
{HIeroidae 3, 91

Hjesper 91,11
(fflesperides 84,11 91,11.1
Hester 163,1

Hierusalem 163,11 164,1
Hilas 84,5

Hippocrene 1,1
Hippolitus 62,5
(H)olofernes 161,11 162,1
(H)oloferneus 152,11
Hyrcania 166,1

Iacob 146,11. 11 ’

Iacobus 114,4

Ianuarius 45,1

Ι111111116,11

Ib(Ip-)siphilc 181, 11 184,1

Iesus 150,11

Iezabel (Gea) 111,11 160,

Ilias 22,1

Ind153,9

India 52,1ο 12,11

Indicus 111,11 1111 111,

Ino 1111 559

Iob 142,11 146,11

Iocasta 181,11 182,11. 11.;

1111119111

Iris 39,4

Isis 31,11. 14 184, 99. 14

Israel 154,1

Isra(h)eIItIous 141, 5. 90 14
111,11 1111 1111 111

Iudaicus 149, 11 103,11.11
11 112,1 111, 11 118,1

1111111111

Iudca 154, 28 112,11 118,1

ludeus 111,11 112,14 1·
11. 11 115,1 11111

Iulianus 119,1

 

